22
A15.L4G    0.0000000 0.0856979 0.2901650 0.3585593 0.3494363 0.0895725 0.2481087 0.0625778 0.0859923 0.2915511 0.3009805 0.0697984 0.0588526 0.2779847 0.3271008 0.1916065 0.0553842 0.3026395 0.2787932 0.3513540 0.3346415 0.3476791 
A11.L11G   0.0856979 0.0000000 0.2890253 0.3133398 0.3482904 0.0486220 0.2214645 0.1113195 0.0516171 0.2542771 0.3041707 0.0521220 0.1038319 0.2723154 0.3155441 0.1800415 0.0743777 0.2880398 0.2416781 0.3330182 0.3437024 0.3607534 
A9.L3D     0.2901650 0.2890253 0.0000000 0.1174099 0.3126591 0.2736820 0.2284653 0.3200664 0.2539350 0.3052909 0.2768429 0.2614440 0.2556367 0.2689336 0.3056937 0.2613302 0.2627196 0.2322486 0.3000173 0.3013967 0.3181065 0.1351544 
A10.L4C    0.3585593 0.3133398 0.1174099 0.0000000 0.3845287 0.3340769 0.2961616 0.3884758 0.3184449 0.3418565 0.3380181 0.3074336 0.3374021 0.3190833 0.3593980 0.3032739 0.3219044 0.3134985 0.3503836 0.3897831 0.4009004 0.2140442 
A21.S8A    0.3494363 0.3482904 0.3126591 0.3845287 0.0000000 0.3513674 0.2758486 0.3782230 0.3352264 0.3834901 0.2247968 0.3264102 0.3443513 0.1137856 0.2054445 0.3190539 0.3387414 0.1464993 0.3313393 0.2036200 0.2058861 0.3145292 
A12.L10B   0.0895725 0.0486220 0.2736820 0.3340769 0.3513674 0.0000000 0.2317542 0.1051354 0.0456237 0.2648726 0.3069726 0.0492773 0.0910832 0.2831843 0.3223838 0.1891288 0.0618790 0.2857603 0.2603210 0.3359206 0.3508701 0.3629707 
CBS_6936   0.2481087 0.2214645 0.2284653 0.2961616 0.2758486 0.2317542 0.0000000 0.2723880 0.2092588 0.1586658 0.2738262 0.2155838 0.2348001 0.2814081 0.2840476 0.2039180 0.2303908 0.2626711 0.0695027 0.2685217 0.2900653 0.2942701 
A6.U5C     0.0625778 0.1113195 0.3200664 0.3884758 0.3782230 0.1051354 0.2723880 0.0000000 0.1082208 0.3195776 0.3216587 0.0925457 0.0773453 0.3153978 0.3624937 0.2051151 0.0773000 0.3369481 0.2924486 0.3672436 0.3680291 0.3651638 
A16.L7C    0.0859923 0.0516171 0.2539350 0.3184449 0.3352264 0.0456237 0.2092588 0.1082208 0.0000000 0.2330888 0.3092053 0.0396312 0.0873152 0.2780469 0.3069443 0.1806111 0.0583774 0.2621647 0.2636309 0.3094760 0.3438761 0.3376279 
A4.U3B     0.2915511 0.2542771 0.3052909 0.3418565 0.3834901 0.2648726 0.1586658 0.3195776 0.2330888 0.0000000 0.3320997 0.2459287 0.2896123 0.3113208 0.3674667 0.2502328 0.2639365 0.3142541 0.2116687 0.3699135 0.3739116 0.4020560 
A18.S4H    0.3009805 0.3041707 0.2768429 0.3380181 0.2247968 0.3069726 0.2738262 0.3216587 0.3092053 0.3320997 0.0000000 0.2802833 0.3053889 0.1725245 0.1279130 0.2584458 0.3039675 0.2010750 0.3182971 0.0795568 0.0959071 0.3509515 
A3.U3G     0.0697984 0.0521220 0.2614440 0.3074336 0.3264102 0.0492773 0.2155838 0.0925457 0.0396312 0.2459287 0.2802833 0.0000000 0.0883779 0.2507321 0.3120128 0.1587239 0.0618764 0.2659030 0.2583170 0.3274130 0.3282532 0.3286928 
A2.U10A    0.0588526 0.1038319 0.2556367 0.3374021 0.3443513 0.0910832 0.2348001 0.0773453 0.0873152 0.2896123 0.3053889 0.0883779 0.0000000 0.3180234 0.2983310 0.2076663 0.0513653 0.2986887 0.2636950 0.3114898 0.3173819 0.3377405 
A5.U10D    0.2779847 0.2723154 0.2689336 0.3190833 0.1137856 0.2831843 0.2814081 0.3153978 0.2780469 0.3113208 0.1725245 0.2507321 0.3180234 0.0000000 0.1966312 0.2550188 0.2814237 0.0760503 0.3122042 0.2174857 0.2000828 0.3311298 
A13.L3B    0.3271008 0.3155441 0.3056937 0.3593980 0.2054445 0.3223838 0.2840476 0.3624937 0.3069443 0.3674667 0.1279130 0.3120128 0.2983310 0.1966312 0.0000000 0.3053842 0.3103996 0.2220251 0.3060121 0.1110371 0.1275696 0.3382294 
A8.U2E     0.1916065 0.1800415 0.2613302 0.3032739 0.3190539 0.1891288 0.2039180 0.2051151 0.1806111 0.2502328 0.2584458 0.1587239 0.2076663 0.2550188 0.3053842 0.0000000 0.1874103 0.2789802 0.2465340 0.3248877 0.3257349 0.3344054 
A7.U3E     0.0553842 0.0743777 0.2627196 0.3219044 0.3387414 0.0618790 0.2303908 0.0773000 0.0583774 0.2639365 0.3039675 0.0618764 0.0513653 0.2814237 0.3103996 0.1874103 0.0000000 0.2839702 0.2770743 0.3436833 0.3495270 0.3708361 
A14.L4E    0.3026395 0.2880398 0.2322486 0.3134985 0.1464993 0.2857603 0.2626711 0.3369481 0.2621647 0.3142541 0.2010750 0.2659030 0.2986887 0.0760503 0.2220251 0.2789802 0.2839702 0.0000000 0.3429019 0.2213356 0.2335064 0.3677160 
REF        0.2787932 0.2416781 0.3000173 0.3503836 0.3313393 0.2603210 0.0695027 0.2924486 0.2636309 0.2116687 0.3182971 0.2583170 0.2636950 0.3122042 0.3060121 0.2465340 0.2770743 0.3429019 0.0000000 0.3057884 0.3076934 0.3118364 
A17.L1B    0.3513540 0.3330182 0.3013967 0.3897831 0.2036200 0.3359206 0.2685217 0.3672436 0.3094760 0.3699135 0.0795568 0.3274130 0.3114898 0.2174857 0.1110371 0.3248877 0.3436833 0.2213356 0.3057884 0.0000000 0.0654597 0.3118757 
A20.S1E    0.3346415 0.3437024 0.3181065 0.4009004 0.2058861 0.3508701 0.2900653 0.3680291 0.3438761 0.3739116 0.0959071 0.3282532 0.3173819 0.2000828 0.1275696 0.3257349 0.3495270 0.2335064 0.3076934 0.0654597 0.0000000 0.3043738 
A19.S3B    0.3476791 0.3607534 0.1351544 0.2140442 0.3145292 0.3629707 0.2942701 0.3651638 0.3376279 0.4020560 0.3509515 0.3286928 0.3377405 0.3311298 0.3382294 0.3344054 0.3708361 0.3677160 0.3118364 0.3118757 0.3043738 0.0000000 
