22
A17.L1B    0.00000000 0.00107345 0.00067358 0.00111740 0.00147838 0.00086107 0.00108012 0.00113033 0.00063638 0.00122974 0.00096723 0.79586566 0.00093580 0.00103567 0.00102949 0.00073645 1.80209826 0.00112936 0.00088594 0.00104229 0.00127357 0.00116090 
A3.U3G     0.00107345 0.00000000 0.00109139 0.00060516 0.00139036 0.00091673 0.00092347 0.00058025 0.00099784 0.00059254 0.00068581 0.79661220 0.00099135 0.00065451 0.00094812 0.00091083 1.80153422 0.00111672 0.00091681 0.00074212 0.00063611 0.00061110 
A13.L3B    0.00067358 0.00109139 0.00000000 0.00109154 0.00135222 0.00087306 0.00114130 0.00106683 0.00070446 0.00110353 0.00096634 0.79743729 0.00088510 0.00099110 0.00107257 0.00079209 1.80122119 0.00105356 0.00084794 0.00096667 0.00116606 0.00099153 
A12.L10B   0.00111740 0.00060516 0.00109154 0.00000000 0.00146530 0.00104812 0.00110438 0.00059899 0.00115432 0.00067346 0.00101062 0.79657452 0.00112878 0.00068582 0.00097945 0.00112332 1.80240139 0.00115384 0.00106084 0.00070479 0.00076719 0.00056749 
A10.L4C    0.00147838 0.00139036 0.00135222 0.00146530 0.00000000 0.00134649 0.00135912 0.00147215 0.00143984 0.00137771 0.00125271 0.79970918 0.00138955 0.00123338 0.00106541 0.00143413 1.80019260 0.00133351 0.00128410 0.00139021 0.00162054 0.00139010 
A5.U10D    0.00086107 0.00091673 0.00087306 0.00104812 0.00134649 0.00000000 0.00109147 0.00112365 0.00079188 0.00097295 0.00086051 0.79674781 0.00065450 0.00094131 0.00102262 0.00080474 1.80190192 0.00104142 0.00062970 0.00121013 0.00122255 0.00114763 
A19.S3B    0.00108012 0.00092347 0.00114130 0.00110438 0.00135912 0.00109147 0.00000000 0.00114229 0.00102933 0.00104787 0.00110408 0.79688613 0.00099784 0.00122860 0.00069218 0.00111704 1.80259135 0.00130959 0.00109164 0.00111067 0.00106016 0.00106043 
A16.L7C    0.00113033 0.00058025 0.00106683 0.00059899 0.00147215 0.00112365 0.00114229 0.00000000 0.00120456 0.00064255 0.00109825 0.79616423 0.00111678 0.00069237 0.00094218 0.00119250 1.80126141 0.00111699 0.00103609 0.00070511 0.00080491 0.00053035 
A20.S1E    0.00063638 0.00099784 0.00070446 0.00115432 0.00143984 0.00079188 0.00102933 0.00120456 0.00000000 0.00095420 0.00092297 0.79677195 0.00076661 0.00107859 0.00107267 0.00057995 1.80065179 0.00104136 0.00081700 0.00104131 0.00120375 0.00113491 
A15.L4G    0.00122974 0.00059254 0.00110353 0.00067346 0.00137771 0.00097295 0.00104787 0.00064255 0.00095420 0.00000000 0.00082932 0.79696550 0.00099125 0.00061703 0.00101670 0.00104179 1.80086622 0.00101623 0.00099179 0.00065469 0.00064833 0.00064845 
A8.U2E     0.00096723 0.00068581 0.00096634 0.00101062 0.00125271 0.00086051 0.00110408 0.00109825 0.00092297 0.00082932 0.00000000 0.79641440 0.00099124 0.00077295 0.00104771 0.00087336 1.80066901 0.00090423 0.00088538 0.00097928 0.00101032 0.00099785 
REF        0.79586566 0.79661220 0.79743729 0.79657452 0.79970918 0.79674781 0.79688613 0.79616423 0.79677195 0.79696550 0.79641440 0.00000000 0.79780764 0.79722759 0.79749748 0.79648364 1.70871590 0.79648185 0.79710171 0.79673527 0.79781996 0.79740600 
A21.S8A    0.00093580 0.00099135 0.00088510 0.00112878 0.00138955 0.00065450 0.00099784 0.00111678 0.00076661 0.00099125 0.00099124 0.79780764 0.00000000 0.00116549 0.00101000 0.00086041 1.80101956 0.00117201 0.00067950 0.00116591 0.00110342 0.00104751 
A11.L11G   0.00103567 0.00065451 0.00099110 0.00068582 0.00123338 0.00094131 0.00122860 0.00069237 0.00107859 0.00061703 0.00077295 0.79722759 0.00116549 0.00000000 0.00107223 0.00102892 1.79997956 0.00085378 0.00089760 0.00079168 0.00089132 0.00081654 
A9.L3D     0.00102949 0.00094812 0.00107257 0.00097945 0.00106541 0.00102262 0.00069218 0.00094218 0.00107267 0.00101670 0.00104771 0.79749748 0.00101000 0.00107223 0.00000000 0.00107926 1.80092798 0.00117841 0.00084807 0.00097923 0.00109130 0.00089168 
A18.S4H    0.00073645 0.00091083 0.00079209 0.00112332 0.00143413 0.00080474 0.00111704 0.00119250 0.00057995 0.00104179 0.00087336 0.79648364 0.00086041 0.00102892 0.00107926 0.00000000 1.80108170 0.00107893 0.00083585 0.00111035 0.00116039 0.00106669 
CBS_6936   1.80209826 1.80153422 1.80122119 1.80240139 1.80019260 1.80190192 1.80259135 1.80126141 1.80065179 1.80086622 1.80066901 1.70871590 1.80101956 1.79997956 1.80092798 1.80108170 0.00000000 1.80029836 1.80091945 1.80039941 1.80147589 1.80125257 
A4.U3B     0.00112936 0.00111672 0.00105356 0.00115384 0.00133351 0.00104142 0.00130959 0.00111699 0.00104136 0.00101623 0.00090423 0.79648185 0.00117201 0.00085378 0.00117841 0.00107893 1.80029836 0.00000000 0.00093551 0.00108509 0.00127212 0.00112224 
A14.L4E    0.00088594 0.00091681 0.00084794 0.00106084 0.00128410 0.00062970 0.00109164 0.00103609 0.00081700 0.00099179 0.00088538 0.79710171 0.00067950 0.00089760 0.00084807 0.00083585 1.80091945 0.00093551 0.00000000 0.00105426 0.00116011 0.00096042 
A2.U10A    0.00104229 0.00074212 0.00096667 0.00070479 0.00139021 0.00121013 0.00111067 0.00070511 0.00104131 0.00065469 0.00097928 0.79673527 0.00116591 0.00079168 0.00097923 0.00111035 1.80039941 0.00108509 0.00105426 0.00000000 0.00063593 0.00052987 
A6.U5C     0.00127357 0.00063611 0.00116606 0.00076719 0.00162054 0.00122255 0.00106016 0.00080491 0.00120375 0.00064833 0.00101032 0.79781996 0.00110342 0.00089132 0.00109130 0.00116039 1.80147589 0.00127212 0.00116011 0.00063593 0.00000000 0.00067950 
A7.U3E     0.00116090 0.00061110 0.00099153 0.00056749 0.00139010 0.00114763 0.00106043 0.00053035 0.00113491 0.00064845 0.00099785 0.79740600 0.00104751 0.00081654 0.00089168 0.00106669 1.80125257 0.00112224 0.00096042 0.00052987 0.00067950 0.00000000 
