21
REF        0.0000000 0.2512682 0.2995035 0.2212619 0.3044971 0.3078444 0.2639755 0.2629865 0.2810918 0.3037645 0.2402313 0.2732857 0.2971871 0.2866155 0.2756160 0.2412826 0.2711240 0.2764924 0.3162570 0.2866571 0.3283454 
U02        0.2512682 0.0000000 0.1266909 0.2843468 0.3295231 0.1145144 0.0776160 0.2059632 0.2410496 0.3313863 0.1265548 0.1117871 0.2858035 0.2673434 0.0840093 0.0921699 0.2605874 0.2795811 0.3197347 0.3159847 0.3368357 
U03        0.2995035 0.1266909 0.0000000 0.2968940 0.2741016 0.1426481 0.1271457 0.1832467 0.2817114 0.3511409 0.0944994 0.0862794 0.3113167 0.2958989 0.0992224 0.0894430 0.3478916 0.3057697 0.3246679 0.3440439 0.3185916 
U04        0.2212619 0.2843468 0.2968940 0.0000000 0.3508388 0.3688020 0.2847523 0.2838872 0.3150155 0.3214055 0.2751145 0.3080651 0.3828951 0.2916008 0.3191395 0.2742838 0.3437148 0.3358675 0.3960549 0.3987580 0.4334907 
U05        0.3044971 0.3295231 0.2741016 0.3508388 0.0000000 0.3860803 0.3235510 0.2614144 0.2846196 0.3466724 0.2951277 0.2915360 0.2147242 0.1293891 0.3114743 0.3191566 0.2469246 0.2033509 0.3203420 0.2295162 0.1429466 
U06        0.3078444 0.1145144 0.1426481 0.3688020 0.3860803 0.0000000 0.1369769 0.2512138 0.3427664 0.4381235 0.1858361 0.1822468 0.3948937 0.3656175 0.1096049 0.1800506 0.3657269 0.3311100 0.3815442 0.3854651 0.4111463 
U07        0.2639755 0.0776160 0.1271457 0.2847523 0.3235510 0.1369769 0.0000000 0.2255251 0.2911234 0.3318907 0.0980151 0.1065417 0.3314396 0.2547007 0.1117490 0.0982474 0.3266880 0.3397203 0.3735586 0.3530312 0.3852923 
U08        0.2629865 0.2059632 0.1832467 0.2838872 0.2614144 0.2512138 0.2255251 0.0000000 0.2390094 0.3147216 0.1954687 0.1926864 0.3140257 0.2737597 0.1876864 0.2102129 0.3258287 0.2712748 0.2943556 0.3287713 0.3206411 
L09        0.2810918 0.2410496 0.2817114 0.3150155 0.2846196 0.3427664 0.2911234 0.2390094 0.0000000 0.1311668 0.2737504 0.2489522 0.2709988 0.2379016 0.2723031 0.2592009 0.2731671 0.2797202 0.1277381 0.3218693 0.3138680 
L10        0.3037645 0.3313863 0.3511409 0.3214055 0.3466724 0.4381235 0.3318907 0.3147216 0.1311668 0.0000000 0.2810712 0.3306366 0.3376225 0.3238162 0.3589683 0.2822237 0.3607399 0.3316941 0.2166119 0.4316541 0.4193404 
L11        0.2402313 0.1265548 0.0944994 0.2751145 0.2951277 0.1858361 0.0980151 0.1954687 0.2737504 0.2810712 0.0000000 0.0861954 0.2955750 0.2806920 0.1281079 0.0617069 0.3238845 0.3117840 0.3630038 0.3833004 0.3720115 
L12        0.2732857 0.1117871 0.0862794 0.3080651 0.2915360 0.1822468 0.1065417 0.1926864 0.2489522 0.3306366 0.0861954 0.0000000 0.2848771 0.2762215 0.1191086 0.0755019 0.3349619 0.3233962 0.3345594 0.3693618 0.3357364 
L13        0.2971871 0.2858035 0.3113167 0.3828951 0.2147242 0.3948937 0.3314396 0.3140257 0.2709988 0.3376225 0.2955750 0.2848771 0.0000000 0.2133164 0.3270105 0.2962250 0.1235290 0.1514984 0.3210471 0.1631533 0.2213522 
L14        0.2866155 0.2673434 0.2958989 0.2916008 0.1293891 0.3656175 0.2547007 0.2737597 0.2379016 0.3238162 0.2806920 0.2762215 0.2133164 0.0000000 0.3238399 0.2727960 0.1888962 0.2148054 0.3402189 0.2187531 0.1719763 
L15        0.2756160 0.0840093 0.0992224 0.3191395 0.3114743 0.1096049 0.1117490 0.1876864 0.2723031 0.3589683 0.1281079 0.1191086 0.3270105 0.3238399 0.0000000 0.1110301 0.3389800 0.2911079 0.3148840 0.3504085 0.3269492 
L16        0.2412826 0.0921699 0.0894430 0.2742838 0.3191566 0.1800506 0.0982474 0.2102129 0.2592009 0.2822237 0.0617069 0.0755019 0.2962250 0.2727960 0.1110301 0.0000000 0.3004206 0.3131502 0.3560577 0.3841052 0.3496792 
L17        0.2711240 0.2605874 0.3478916 0.3437148 0.2469246 0.3657269 0.3266880 0.3258287 0.2731671 0.3607399 0.3238845 0.3349619 0.1235290 0.1888962 0.3389800 0.3004206 0.0000000 0.0904243 0.2982215 0.0929898 0.2164800 
S18        0.2764924 0.2795811 0.3057697 0.3358675 0.2033509 0.3311100 0.3397203 0.2712748 0.2797202 0.3316941 0.3117840 0.3233962 0.1514984 0.2148054 0.2911079 0.3131502 0.0904243 0.0000000 0.3223640 0.1224670 0.2435577 
S19        0.3162570 0.3197347 0.3246679 0.3960549 0.3203420 0.3815442 0.3735586 0.2943556 0.1277381 0.2166119 0.3630038 0.3345594 0.3210471 0.3402189 0.3148840 0.3560577 0.2982215 0.3223640 0.0000000 0.2939487 0.2862639 
S20        0.2866571 0.3159847 0.3440439 0.3987580 0.2295162 0.3854651 0.3530312 0.3287713 0.3218693 0.4316541 0.3833004 0.3693618 0.1631533 0.2187531 0.3504085 0.3841052 0.0929898 0.1224670 0.2939487 0.0000000 0.2062895 
S21        0.3283454 0.3368357 0.3185916 0.4334907 0.1429466 0.4111463 0.3852923 0.3206411 0.3138680 0.4193404 0.3720115 0.3357364 0.2213522 0.1719763 0.3269492 0.3496792 0.2164800 0.2435577 0.2862639 0.2062895 0.0000000 
