21
REF        0.0000000 0.6803023 0.7088533 0.7111355 0.6682749 0.6293426 0.6757738 0.6774704 0.6704742 0.6741046 0.6605267 0.6824972 0.7319153 0.6058841 0.6262213 0.7048030 0.6929823 0.6356290 0.7142533 0.6381933 0.6047645 
U02        0.6803023 0.0000000 0.1581852 0.2091748 0.1664914 0.1615012 0.1567471 0.1821734 0.1611193 0.1799992 0.1563812 0.1364840 0.1420164 0.1560497 0.1664839 0.1371214 0.1445234 0.1820071 0.1883998 0.2012699 0.1758350 
U03        0.7088533 0.1581852 0.0000000 0.2157965 0.1908575 0.1996483 0.1765034 0.1813436 0.1739975 0.1757941 0.1837800 0.1333319 0.1817508 0.2014279 0.1555019 0.1302544 0.1674562 0.2105483 0.1874905 0.2044874 0.2005395 
U04        0.7111355 0.2091748 0.2157965 0.0000000 0.2104929 0.2915627 0.2382747 0.2392308 0.2192061 0.2176550 0.2297062 0.2252648 0.2092583 0.2102517 0.2254172 0.2173194 0.1821686 0.2043994 0.2222023 0.2579094 0.2246588 
U05        0.6682749 0.1664914 0.1908575 0.2104929 0.0000000 0.2371365 0.2156524 0.1906864 0.1725989 0.1638062 0.1780542 0.1675393 0.1562937 0.1471460 0.1888765 0.1640430 0.1454952 0.1553797 0.1932907 0.1739361 0.1397514 
U06        0.6293426 0.1615012 0.1996483 0.2915627 0.2371365 0.0000000 0.1591545 0.1995183 0.2143746 0.1933094 0.2094172 0.1828256 0.2038193 0.2210325 0.1690495 0.1974414 0.1670712 0.1958758 0.1912667 0.2399091 0.2319537 
U07        0.6757738 0.1567471 0.1765034 0.2382747 0.2156524 0.1591545 0.0000000 0.1835571 0.1691002 0.1810002 0.1642357 0.1640842 0.1908505 0.1855201 0.1608302 0.1572901 0.1551808 0.1725074 0.2122793 0.2222205 0.1952845 
U08        0.6774704 0.1821734 0.1813436 0.2392308 0.1906864 0.1995183 0.1835571 0.0000000 0.1565429 0.1930312 0.1938519 0.1722753 0.1850976 0.1868996 0.1549917 0.1902035 0.1533466 0.1775413 0.1525666 0.2007773 0.1714017 
L09        0.6704742 0.1611193 0.1739975 0.2192061 0.1725989 0.2143746 0.1691002 0.1565429 0.0000000 0.1351128 0.1970342 0.1718217 0.1708034 0.1722111 0.1651230 0.1719598 0.1304631 0.1496834 0.1332542 0.2079682 0.1437624 
L10        0.6741046 0.1799992 0.1757941 0.2176550 0.1638062 0.1933094 0.1810002 0.1930312 0.1351128 0.0000000 0.1809144 0.1803784 0.1657351 0.1846472 0.1807234 0.1875476 0.1513774 0.1685099 0.1575775 0.1949016 0.1941000 
L11        0.6605267 0.1563812 0.1837800 0.2297062 0.1780542 0.2094172 0.1642357 0.1938519 0.1970342 0.1809144 0.0000000 0.1443283 0.1765807 0.1850824 0.1601147 0.1540399 0.1792680 0.1900416 0.2076024 0.1878711 0.1987205 
L12        0.6824972 0.1364840 0.1333319 0.2252648 0.1675393 0.1828256 0.1640842 0.1722753 0.1718217 0.1803784 0.1443283 0.0000000 0.1558119 0.1775394 0.1501448 0.1314098 0.1517753 0.1720967 0.1410283 0.2062823 0.1730686 
L13        0.7319153 0.1420164 0.1817508 0.2092583 0.1562937 0.2038193 0.1908505 0.1850976 0.1708034 0.1657351 0.1765807 0.1558119 0.0000000 0.1766271 0.1869386 0.1657882 0.1161306 0.1408772 0.1600356 0.1622375 0.1514727 
L14        0.6058841 0.1560497 0.2014279 0.2102517 0.1471460 0.2210325 0.1855201 0.1868996 0.1722111 0.1846472 0.1850824 0.1775394 0.1766271 0.0000000 0.2152652 0.1849298 0.1616507 0.1760310 0.1895277 0.1805374 0.1425344 
L15        0.6262213 0.1664839 0.1555019 0.2254172 0.1888765 0.1690495 0.1608302 0.1549917 0.1651230 0.1807234 0.1601147 0.1501448 0.1869386 0.2152652 0.0000000 0.1602854 0.1653404 0.1582677 0.1713612 0.2099541 0.1876162 
L16        0.7048030 0.1371214 0.1302544 0.2173194 0.1640430 0.1974414 0.1572901 0.1902035 0.1719598 0.1875476 0.1540399 0.1314098 0.1657882 0.1849298 0.1602854 0.0000000 0.1451336 0.1751900 0.2031521 0.2292207 0.1696749 
L17        0.6929823 0.1445234 0.1674562 0.1821686 0.1454952 0.1670712 0.1551808 0.1533466 0.1304631 0.1513774 0.1792680 0.1517753 0.1161306 0.1616507 0.1653404 0.1451336 0.0000000 0.0942150 0.1301667 0.1382553 0.1066470 
S18        0.6356290 0.1820071 0.2105483 0.2043994 0.1553797 0.1958758 0.1725074 0.1775413 0.1496834 0.1685099 0.1900416 0.1720967 0.1408772 0.1760310 0.1582677 0.1751900 0.0942150 0.0000000 0.1798926 0.1577597 0.1605575 
S19        0.7142533 0.1883998 0.1874905 0.2222023 0.1932907 0.1912667 0.2122793 0.1525666 0.1332542 0.1575775 0.2076024 0.1410283 0.1600356 0.1895277 0.1713612 0.2031521 0.1301667 0.1798926 0.0000000 0.1851793 0.1532708 
S20        0.6381933 0.2012699 0.2044874 0.2579094 0.1739361 0.2399091 0.2222205 0.2007773 0.2079682 0.1949016 0.1878711 0.2062823 0.1622375 0.1805374 0.2099541 0.2292207 0.1382553 0.1577597 0.1851793 0.0000000 0.1799785 
S21        0.6047645 0.1758350 0.2005395 0.2246588 0.1397514 0.2319537 0.1952845 0.1714017 0.1437624 0.1941000 0.1987205 0.1730686 0.1514727 0.1425344 0.1876162 0.1696749 0.1066470 0.1605575 0.1532708 0.1799785 0.0000000 
