21
REF        0.0000000 9.0000000 9.0000000 9.0000000 9.0000000 1.8225384 9.0000000 9.0000000 9.0000000 9.0000000 9.0000000 9.0000000 9.0000000 1.7557727 1.7557727 9.0000000 9.0000000 1.9907745 9.0000000 2.4489199 1.4414684 
U02        9.0000000 0.0000000 0.2425208 0.3246723 0.2610414 0.2579066 0.2455603 0.2868536 0.2516953 0.2835532 0.2486184 0.2046017 0.2188477 0.2425208 0.2673706 0.2102515 0.2159658 0.2901758 0.3002772 0.3282565 0.2705655 
U03        9.0000000 0.2425208 0.0000000 0.3282565 0.3175800 0.3140712 0.2802745 0.2901758 0.2802745 0.2737809 0.3175800 0.2188477 0.2901758 0.3105868 0.2516953 0.2074186 0.2737809 0.3428561 0.2901758 0.3391660 0.3282565 
U04        9.0000000 0.3246723 0.3282565 0.0000000 0.3282565 0.4732980 0.3773525 0.3733999 0.3391660 0.3540925 0.3655873 0.3391660 0.3355030 0.3140712 0.3503189 0.3175800 0.2705655 0.3175800 0.3428561 0.4230274 0.3465736 
U05        9.0000000 0.2610414 0.3175800 0.3282565 0.0000000 0.3975982 0.3578948 0.3246723 0.2868536 0.2610414 0.2901758 0.2673706 0.2516953 0.2335115 0.3175800 0.2547913 0.2305441 0.2547913 0.3175800 0.2901758 0.2305441 
U06        1.8225384 0.2579066 0.3140712 0.4732980 0.3975982 0.0000000 0.2579066 0.3211135 0.3465736 0.3105868 0.3355030 0.2835532 0.3282565 0.3733999 0.2802745 0.3036902 0.2579066 0.3246723 0.3140712 0.3894013 0.3773525 
U07        9.0000000 0.2455603 0.2802745 0.3773525 0.3578948 0.2579066 0.0000000 0.2935203 0.2705655 0.2835532 0.2610414 0.2516953 0.3071266 0.2868536 0.2610414 0.2394996 0.2394996 0.2770172 0.3428561 0.3655873 0.3175800 
U08        9.0000000 0.2868536 0.2901758 0.3733999 0.3246723 0.3211135 0.2935203 0.0000000 0.2547913 0.3140712 0.3105868 0.2610414 0.2968874 0.3036902 0.2516953 0.3002772 0.2364966 0.2935203 0.2394996 0.3318666 0.2737809 
L09        9.0000000 0.2516953 0.2802745 0.3391660 0.2868536 0.3465736 0.2705655 0.2547913 0.0000000 0.2159658 0.3211135 0.2579066 0.2673706 0.2673706 0.2673706 0.2705655 0.1990151 0.2394996 0.2074186 0.3428561 0.2217463 
L10        9.0000000 0.2835532 0.2737809 0.3540925 0.2610414 0.3105868 0.2835532 0.3140712 0.2159658 0.0000000 0.2868536 0.2705655 0.2673706 0.2935203 0.2935203 0.2770172 0.2335115 0.2770172 0.2547913 0.3140712 0.3036902 
L11        9.0000000 0.2486184 0.3175800 0.3655873 0.2901758 0.3355030 0.2610414 0.3105868 0.3211135 0.2868536 0.0000000 0.2364966 0.2835532 0.2901758 0.2516953 0.2486184 0.2802745 0.3071266 0.3318666 0.3105868 0.3211135 
L12        9.0000000 0.2046017 0.2188477 0.3391660 0.2673706 0.2835532 0.2516953 0.2610414 0.2579066 0.2705655 0.2364966 0.0000000 0.2425208 0.2673706 0.2305441 0.2046017 0.2335115 0.2705655 0.2074186 0.3355030 0.2705655 
L13        9.0000000 0.2188477 0.2901758 0.3355030 0.2516953 0.3282565 0.3071266 0.2968874 0.2673706 0.2673706 0.2835532 0.2425208 0.0000000 0.2705655 0.3036902 0.2547913 0.1853156 0.2305441 0.2455603 0.2641960 0.2486184 
L14        1.7557727 0.2425208 0.3105868 0.3140712 0.2335115 0.3733999 0.2868536 0.3036902 0.2673706 0.2935203 0.2901758 0.2673706 0.2705655 0.0000000 0.3540925 0.2802745 0.2364966 0.2802745 0.3036902 0.2835532 0.2188477 
L15        1.7557727 0.2673706 0.2516953 0.3503189 0.3175800 0.2802745 0.2610414 0.2516953 0.2673706 0.2935203 0.2516953 0.2305441 0.3036902 0.3540925 0.0000000 0.2486184 0.2673706 0.2610414 0.2770172 0.3465736 0.3071266 
L16        9.0000000 0.2102515 0.2074186 0.3175800 0.2547913 0.3036902 0.2394996 0.3002772 0.2705655 0.2770172 0.2486184 0.2046017 0.2547913 0.2802745 0.2486184 0.0000000 0.2159658 0.2705655 0.3071266 0.3733999 0.2705655 
L17        9.0000000 0.2159658 0.2737809 0.2705655 0.2305441 0.2579066 0.2394996 0.2364966 0.1990151 0.2335115 0.2802745 0.2335115 0.1853156 0.2364966 0.2673706 0.2159658 0.0000000 0.1413596 0.2018006 0.2246617 0.1719815 
S18        1.9907745 0.2901758 0.3428561 0.3175800 0.2547913 0.3246723 0.2770172 0.2935203 0.2394996 0.2770172 0.3071266 0.2705655 0.2305441 0.2802745 0.2610414 0.2705655 0.1413596 0.0000000 0.3002772 0.2547913 0.2579066 
S19        9.0000000 0.3002772 0.2901758 0.3428561 0.3175800 0.3140712 0.3428561 0.2394996 0.2074186 0.2547913 0.3318666 0.2074186 0.2455603 0.3036902 0.2770172 0.3071266 0.2018006 0.3002772 0.0000000 0.3036902 0.2364966 
S20        2.4489199 0.3282565 0.3391660 0.4230274 0.2901758 0.3894013 0.3655873 0.3318666 0.3428561 0.3140712 0.3105868 0.3355030 0.2641960 0.2835532 0.3465736 0.3733999 0.2246617 0.2547913 0.3036902 0.0000000 0.3002772 
S21        1.4414684 0.2705655 0.3282565 0.3465736 0.2305441 0.3773525 0.3175800 0.2737809 0.2217463 0.3036902 0.3211135 0.2705655 0.2486184 0.2188477 0.3071266 0.2705655 0.1719815 0.2579066 0.2364966 0.3002772 0.0000000 
