20
U02        0.0000000 0.1078126 0.1445897 0.1135491 0.1104049 0.1068730 0.1255629 0.1100507 0.1234750 0.1065539 0.0920416 0.0964149 0.1060894 0.1136710 0.0929156 0.0980066 0.1249492 0.1300356 0.1383845 0.1202309 
U03        0.1078126 0.0000000 0.1493762 0.1311979 0.1375922 0.1208230 0.1247697 0.1190055 0.1204665 0.1263300 0.0901406 0.1248235 0.1387530 0.1056227 0.0878262 0.1143604 0.1452596 0.1293098 0.1408694 0.1377370 
U04        0.1445897 0.1493762 0.0000000 0.1453840 0.2045175 0.1656518 0.1666704 0.1517285 0.1506639 0.1593703 0.1558759 0.1452937 0.1451393 0.1556346 0.1504993 0.1248420 0.1410005 0.1543104 0.1798102 0.1550891 
U05        0.1135491 0.1311979 0.1453840 0.0000000 0.1644951 0.1490890 0.1314209 0.1181370 0.1118116 0.1219119 0.1142850 0.1067212 0.0997618 0.1294266 0.1118247 0.0985708 0.1057761 0.1333981 0.1189749 0.0944762 
U06        0.1104049 0.1375922 0.2045175 0.1644951 0.0000000 0.1085367 0.1378420 0.1481282 0.1326382 0.1448497 0.1250900 0.1408947 0.1525437 0.1154143 0.1359122 0.1141733 0.1347571 0.1319401 0.1663716 0.1603660 
U07        0.1068730 0.1208230 0.1656518 0.1490890 0.1085367 0.0000000 0.1264928 0.1156057 0.1238598 0.1120636 0.1117907 0.1311880 0.1274756 0.1095761 0.1069094 0.1052014 0.1178889 0.1473791 0.1536221 0.1338771 
U08        0.1255629 0.1247697 0.1666704 0.1314209 0.1378420 0.1264928 0.0000000 0.1067676 0.1327779 0.1337826 0.1181547 0.1276620 0.1288125 0.1054876 0.1312864 0.1045334 0.1220497 0.1042558 0.1387851 0.1173621 
L09        0.1100507 0.1190055 0.1517285 0.1181370 0.1481282 0.1156057 0.1067676 0.0000000 0.0911596 0.1354134 0.1172898 0.1170665 0.1178848 0.1125358 0.1174493 0.0878303 0.1016653 0.0903919 0.1435418 0.0971081 
L10        0.1234750 0.1204665 0.1506639 0.1118116 0.1326382 0.1238598 0.1327779 0.0911596 0.0000000 0.1240666 0.1232396 0.1134014 0.1267258 0.1235128 0.1286820 0.1026934 0.1152136 0.1076738 0.1342360 0.1329405 
L11        0.1065539 0.1263300 0.1593703 0.1219119 0.1448497 0.1120636 0.1337826 0.1354134 0.1240666 0.0000000 0.0981369 0.1213025 0.1270994 0.1088105 0.1048538 0.1227923 0.1304920 0.1436776 0.1289218 0.1365281 
L12        0.0920416 0.0901406 0.1558759 0.1142850 0.1250900 0.1117907 0.1181547 0.1172898 0.1232396 0.0981369 0.0000000 0.1060986 0.1213351 0.1017720 0.0886127 0.1029300 0.1175237 0.0954540 0.1419992 0.1179038 
L13        0.0964149 0.1248235 0.1452937 0.1067212 0.1408947 0.1311880 0.1276620 0.1170665 0.1134014 0.1213025 0.1060986 0.0000000 0.1214332 0.1282585 0.1131825 0.0779025 0.0956856 0.1097627 0.1111233 0.1028902 
L14        0.1060894 0.1387530 0.1451393 0.0997618 0.1525437 0.1274756 0.1288125 0.1178848 0.1267258 0.1270994 0.1213351 0.1214332 0.0000000 0.1484734 0.1270183 0.1100674 0.1207196 0.1307283 0.1235751 0.0964895 
L15        0.1136710 0.1056227 0.1556346 0.1294266 0.1154143 0.1095761 0.1054876 0.1125358 0.1235128 0.1088105 0.1017720 0.1282585 0.1484734 0.0000000 0.1090097 0.1126624 0.1075903 0.1172892 0.1442556 0.1282805 
L16        0.0929156 0.0878262 0.1504993 0.1118247 0.1359122 0.1069094 0.1312864 0.1174493 0.1286820 0.1048538 0.0886127 0.1131825 0.1270183 0.1090097 0.0000000 0.0980722 0.1195010 0.1402406 0.1587812 0.1155883 
L17        0.0980066 0.1143604 0.1248420 0.0985708 0.1141733 0.1052014 0.1045334 0.0878303 0.1026934 0.1227923 0.1029300 0.0779025 0.1100674 0.1126624 0.0980722 0.0000000 0.0624112 0.0880465 0.0936064 0.0710543 
S18        0.1249492 0.1452596 0.1410005 0.1057761 0.1347571 0.1178889 0.1220497 0.1016653 0.1152136 0.1304920 0.1175237 0.0956856 0.1207196 0.1075903 0.1195010 0.0624112 0.0000000 0.1234261 0.1074977 0.1090300 
S19        0.1300356 0.1293098 0.1543104 0.1333981 0.1319401 0.1473791 0.1042558 0.0903919 0.1076738 0.1436776 0.0954540 0.1097627 0.1307283 0.1172892 0.1402406 0.0880465 0.1234261 0.0000000 0.1276281 0.1043183 
S20        0.1383845 0.1408694 0.1798102 0.1189749 0.1663716 0.1536221 0.1387851 0.1435418 0.1342360 0.1289218 0.1419992 0.1111233 0.1235751 0.1442556 0.1587812 0.0936064 0.1074977 0.1276281 0.0000000 0.1232015 
S21        0.1202309 0.1377370 0.1550891 0.0944762 0.1603660 0.1338771 0.1173621 0.0971081 0.1329405 0.1365281 0.1179038 0.1028902 0.0964895 0.1282805 0.1155883 0.0710543 0.1090300 0.1043183 0.1232015 0.0000000 
